% columns
% 1 = observation number
% 2 = year of the meeting
% 3 = month of the meeting
% 4 = change in FFR{t}, from R&R
% 5 = expected inflation rate, E(PI{t+1}|I_{t}), pi_tp
% 6 = current growth rate of output, Y{t}, gry_t
% 7 = current output gap, gap{t}, gap{t}, gap_t00
% 8 = level of interest rate right before meeting
% 9 = change in forecast for current output growth
% 10 = constant terms
% 11 = GDP deflator smoothed over current and past 12 quarters
% 12 = trend inflation from Figure 5 in Cogley, Sargent and Primiceri
% (2009) forthcoming in AEJ: Macroeconomics
data_greenbook=[
3	1969	3	-0.1250	3.85	2.4	3.50	6.7500	6.4375	1	3.761616	3.8302
4	1969	4	0.5000	4.35	2.7	3.30	6.7500	6.7500	1	3.990106	3.9004
5	1969	4	0.2500	4.15	3	3.40	7.6875	6.7500	1	3.990106	3.9004
6	1969	5	0.1250	4.15	2.2	3.50	8.5000	7.6875	1	3.990106	3.9004
7	1969	6	0.0000	4.35	2.3	3.50	9.0000	8.5000	1	3.990106	3.9004
8	1969	7	0.1250	3.6	1.5	3.60	9.0000	9.0000	1	4.149932	3.9928
9	1969	8	0.2500	3.65	1.5	3.70	9.5000	9.0000	1	4.149932	3.9928
10	1969	9	0.0000	3.65	1.8	3.70	9.0000	9.5000	1	4.149932	3.9928
11	1969	10	0.0000	3.35	1.3	3.90	9.1250	9.0000	1	4.252618	3.9366
12	1969	10	0.0000	3.45	1.2	4.00	9.1250	9.1250	1	4.252618	3.9366
13	1969	11	0.0000	3.45	1.4	4.00	9.1250	9.1250	1	4.252618	3.9366
14	1969	12	0.0000	3.7	1	3.70	9.0000	9.1250	1	4.252618	3.9366
15	1970	1	-0.2500	4.15	-0.5	4.00	9.0000	9.0000	1	4.414388	3.9872
16	1970	2	-0.5000	3.85	-1.3	4.20	9.1250	9.0000	1	4.414388	3.9872
17	1970	3	-0.1875	3.85	-1.3	4.20	8.3125	9.1250	1	4.414388	3.9872
18	1970	4	0.0000	3.25	0.8	4.40	7.7500	8.3125	1	4.713399	4.016
19	1970	5	0.1250	3.35	-0.2	4.60	8.2500	7.7500	1	4.713399	4.016
20	1970	5	0.0000	3.95	-0.2	4.90	8.0000	8.2500	1	4.713399	4.016
21	1970	6	-0.2500	3.75	-0.4	5.00	7.8750	8.0000	1	4.713399	4.016
22	1970	7	-0.2500	3.35	1.6	5.10	7.3125	7.8750	1	4.768297	3.9074
23	1970	8	-0.5000	3.7	1.6	5.10	6.7500	7.3125	1	4.768297	3.9074
24	1970	9	-0.1875	3.9	1.7	5.10	6.3750	6.7500	1	4.768297	3.9074
25	1970	10	-0.1250	3.65	1.5	5.60	6.2500	6.3750	1	4.881026	3.9776
26	1970	11	-0.6250	4.15	-0.2	5.70	5.7500	6.2500	1	4.881026	3.9776
27	1970	12	-0.3750	4.35	-2	5.70	5.1250	5.7500	1	4.881026	3.9776
28	1971	1	-0.5000	3.75	7	6.00	4.5000	5.1250	1	5.013099	4.2214
29	1971	2	-0.1250	3.85	6.1	6.10	3.7500	4.5000	1	5.013099	4.2214
30	1971	3	0.1250	3.85	7.2	6.00	3.5000	3.7500	1	5.013099	4.2214
31	1971	4	0.3750	4.35	6.4	6.00	3.7500	3.5000	1	5.09446	4.122
32	1971	5	0.2500	4.35	3.1	6.20	4.2500	3.7500	1	5.09446	4.122
33	1971	6	0.3750	4.4	2.9	6.20	4.7500	4.2500	1	5.09446	4.122
34	1971	6	0.2500	4.95	3.2	6.20	5.1250	4.7500	1	5.09446	4.122
35	1971	7	0.1250	5.2	2.7	6.20	5.5000	5.1250	1	5.056552	4.0524
36	1971	8	0.0000	4.125	3.1	6.10	5.6250	5.5000	1	5.056552	4.0524
37	1971	9	-0.2500	3.05	2.1	6.10	5.5000	5.6250	1	5.056552	4.0524
38	1971	10	-0.1250	3	7.1	5.90	5.1875	5.5000	1	5.002901	4.0488
39	1971	11	-0.3750	3.55	5.8	5.80	4.7500	5.1875	1	5.002901	4.0488
40	1971	12	-0.6250	3.55	5.9	5.90	4.3750	4.7500	1	5.002901	4.0488
41	1972	1	-0.3125	3	5.8	5.90	3.6250	4.3750	1	5.082739	4.4082
42	1972	2	0.0000	3	5.9	5.80	3.2500	3.6250	1	5.082739	4.4082
43	1972	3	0.3125	3.1	5.9	5.80	3.9375	3.2500	1	5.082739	4.4082
44	1972	4	0.1250	3.1	6.2	5.70	4.2500	3.9375	1	4.948166	4.2522
45	1972	5	0.3125	3.4	6.9	5.70	4.2500	4.2500	1	4.948166	4.2522
46	1972	6	0.1250	3.4	6.4	5.80	4.4375	4.2500	1	4.948166	4.2522
47	1972	7	0.0000	3.375	6.5	5.60	4.6250	4.4375	1	4.81453	4.4159
48	1972	8	0.1250	3.35	6.2	5.50	4.7500	4.6250	1	4.81453	4.4159
49	1972	9	0.1875	3.475	6	5.50	5.0000	4.7500	1	4.81453	4.4159
50	1972	10	0.1250	3.6	8.1	5.40	5.0625	5.0000	1	4.724886	4.6625
51	1972	11	0.1250	3.8	7.5	5.40	5.0625	5.0625	1	4.724886	4.6625
52	1972	12	0.2500	3.85	7.6	5.30	5.3750	5.0625	1	4.724886	4.6625
53	1973	1	0.5000	3.7	6.8	5.10	5.7500	5.3750	1	4.741213	4.8947
54	1973	2	0.3125	4.05	6.5	5.00	6.3750	5.7500	1	4.741213	4.8947
55	1973	3	0.1250	4.05	6.5	5.00	7.0000	6.3750	1	4.741213	4.8947
56	1973	4	0.1875	4.4	6.1	4.90	7.0000	7.0000	1	4.831682	5.115
57	1973	5	0.5000	4.55	6	4.90	7.5000	7.0000	1	4.831682	5.115
58	1973	6	0.5000	4.6	5.7	5.00	8.5000	7.5000	1	4.831682	5.115
59	1973	7	0.2500	5.75	4.4	4.70	9.7500	8.5000	1	4.985262	5.2381
60	1973	8	0.2500	6.35	3.6	4.70	10.5000	9.7500	1	4.985262	5.2381
61	1973	9	-0.3750	6.25	4	4.70	10.7500	10.5000	1	4.985262	5.2381
62	1973	10	-0.7500	5.4	3.5	4.70	10.5000	10.7500	1	5.28049	5.4373
63	1973	11	0.0000	5.65	3.8	4.60	10.1250	10.5000	1	5.28049	5.4373
64	1973	12	-0.6250	6.65	2	4.70	10.2500	10.1250	1	5.28049	5.4373
65	1974	1	-0.3750	6.2	-1.3	5.20	9.7500	10.2500	1	5.537762	5.5511
66	1974	2	-0.1250	6.4	-3	5.40	9.0000	9.7500	1	5.537762	5.5511
67	1974	3	0.6875	6.55	-3.4	5.30	9.1875	9.0000	1	5.537762	5.5511
68	1974	4	0.6250	6.45	-0.3	5.50	9.8750	9.1875	1	5.776022	5.6524
69	1974	5	0.3750	7.15	-0.4	5.20	11.0000	9.8750	1	5.776022	5.6524
70	1974	6	0.2500	7.5	-0.5	5.20	11.6250	11.0000	1	5.776022	5.6524
71	1974	7	-0.5000	7.4	0.2	5.50	12.7500	11.6250	1	6.359784	5.8819
72	1974	8	-0.3750	8.1	-0.4	5.50	12.2500	12.7500	1	6.359784	5.8819
73	1974	9	-0.6250	8.65	-0.7	5.50	11.7500	12.2500	1	6.359784	5.8819
74	1974	10	-0.8125	8	-3.1	6.10	10.4375	11.7500	1	7.042914	5.9812
75	1974	11	-0.2500	8.35	-5.5	6.40	9.5000	10.4375	1	7.042914	5.9812
76	1974	12	-0.6250	8.1	-6.5	6.50	8.8750	9.5000	1	7.042914	5.9812
77	1975	1	-0.5625	7.05	-5.2	7.60	7.2500	8.8750	1	7.529822	5.7185
78	1975	2	-0.5000	6.5	-10.5	8.50	6.2500	7.2500	1	7.529822	5.7185
79	1975	3	-0.5000	6	-10.9	8.40	5.7500	6.2500	1	7.529822	5.7185
80	1975	4	-0.1250	5.7	-0.7	9.10	5.5000	5.7500	1	7.471683	5.4117
81	1975	5	0.0000	5.9	-1.2	9.20	5.1250	5.5000	1	7.471683	5.4117
82	1975	6	0.3750	6.55	0.3	9.20	5.2500	5.1250	1	7.471683	5.4117
83	1975	7	0.1250	5.95	6.1	9.00	6.0000	5.2500	1	7.88157	5.4134
84	1975	8	0.0000	7.95	7	8.60	6.1875	6.0000	1	7.88157	5.4134
85	1975	9	0.2500	7.95	7.9	8.40	6.1250	6.1875	1	7.88157	5.4134
86	1975	10	-0.2500	5.35	7.6	8.10	5.7500	6.1250	1	8.153631	5.333
87	1975	11	-0.2500	5.25	7.4	8.30	5.2500	5.7500	1	8.153631	5.333
88	1975	12	0.0000	5.1	5	8.40	5.2500	5.2500	1	8.153631	5.333
89	1976	1	0.0000	5.65	4.5	8.20	4.7500	5.2500	1	8.138406	5.16
90	1976	2	0.0000	5.75	6.5	7.90	4.7500	4.7500	1	8.138406	5.16
91	1976	3	0.0000	5.65	6.6	7.60	4.7500	4.7500	1	8.138406	5.16
92	1976	4	0.1250	5.65	5.2	7.30	4.7500	4.7500	1	8.058069	5.0501
93	1976	5	0.2500	5.9	6.7	7.40	5.1250	4.7500	1	8.058069	5.0501
94	1976	6	0.0000	6	5.7	7.30	5.5000	5.1250	1	8.058069	5.0501
95	1976	7	0.0000	5.7	5.4	7.30	5.2500	5.5000	1	7.952636	5.0859
96	1976	8	0.0000	5.8	5.3	7.60	5.2500	5.2500	1	7.952636	5.0859
97	1976	9	0.0000	5.9	4	7.80	5.2500	5.2500	1	7.952636	5.0859
98	1976	10	-0.1250	5.2	5.1	7.50	5.0000	5.2500	1	7.888433	5.2095
99	1976	11	-0.2500	5.6	3.3	7.70	5.0000	5.0000	1	7.888433	5.2095
100	1976	12	-0.0625	5.65	3.5	8.00	4.6875	5.0000	1	7.888433	5.2095
101	1977	1	0.0625	5.2	5	7.90	4.6250	4.6875	1	7.87826	5.2568
102	1977	2	0.0000	5.65	3.8	7.70	4.6875	4.6250	1	7.87826	5.2568
103	1977	3	0.0000	5.7	4.5	7.40	4.6875	4.6875	1	7.87826	5.2568
104	1977	4	0.1250	6.15	7.2	7.10	4.6875	4.6875	1	7.726972	5.3159
105	1977	5	0.1250	6.1	7	6.90	5.2500	4.6875	1	7.726972	5.3159
106	1977	6	0.0000	6.45	6.6	6.90	5.3750	5.2500	1	7.726972	5.3159
107	1977	7	0.0000	6.4	5.5	6.90	5.3750	5.3750	1	7.448273	5.3145
108	1977	8	0.1250	6.25	5.3	6.80	5.8750	5.3750	1	7.448273	5.3145
109	1977	9	0.1250	6.4	4.4	7.10	6.1250	5.8750	1	7.448273	5.3145
110	1977	10	0.0000	6.25	5.2	6.90	6.5000	6.1250	1	6.978414	5.3998
111	1977	11	0.0000	6.25	5	6.90	6.5000	6.5000	1	6.978414	5.3998
112	1977	12	0.0000	6.35	5.1	6.90	6.5000	6.5000	1	6.978414	5.3998
113	1978	1	0.0000	6.2	5.4	6.50	6.7500	6.5000	1	6.504179	5.4312
114	1978	2	0.0000	6	4.4	6.30	6.7500	6.7500	1	6.504179	5.4312
115	1978	3	0.0000	6.1	3.4	6.20	6.7500	6.7500	1	6.504179	5.4312
116	1978	4	0.2500	6.9	6.7	6.00	6.7500	6.7500	1	6.381172	5.7323
117	1978	5	0.1875	7.05	9	5.90	7.3125	6.7500	1	6.381172	5.7323
118	1978	6	0.2500	7.1	8.8	6.10	7.5000	7.3125	1	6.381172	5.7323
119	1978	7	0.1250	7.2	3.5	5.80	7.7500	7.5000	1	6.469697	5.7021
