% MPshockdata.m

% This file loads data to be used in empirical analysis of MP shocks from
% VARs vs R&R approach.  This loads: log(IP), UE, log(CPI), log(CPIcore),
% log (PPI finished goods), annual CPI inflation (100*log(CPI/CPI(-12)),
% annual CPI core inflation, annual PPI inflation, Effective FFR, and CRB
% Commodity price index.

% data is from 1968:1 until 1996:12 monthly.

Z=[3.702	3.700	3.529	3.570	3.597	3.582	3.731	3.343	4.600	98.700
3.706	3.800	3.532	3.575	3.597	3.572	4.293	3.060	4.710	98.400
3.709	3.700	3.535	3.578	3.600	3.864	4.280	2.490	5.050	98.700
3.710	3.500	3.538	3.581	3.603	3.852	4.268	2.763	5.760	96.900
3.721	3.500	3.541	3.584	3.605	4.143	4.256	2.755	6.110	96.800
3.725	3.700	3.547	3.589	3.611	4.118	4.521	3.297	6.070	96.300
3.724	3.700	3.552	3.595	3.611	4.393	4.783	3.018	6.020	95.200
3.726	3.500	3.555	3.597	3.614	4.380	4.483	3.288	6.030	96.000
3.730	3.400	3.558	3.603	3.614	4.368	4.743	3.010	5.780	97.000
3.732	3.400	3.564	3.608	3.616	4.639	5.001	3.002	5.910	98.800
3.745	3.400	3.567	3.614	3.616	4.330	5.257	2.725	5.820	99.600
3.748	3.400	3.572	3.616	3.622	4.599	4.960	2.985	6.020	100.800
3.754	3.400	3.575	3.619	3.627	4.585	4.946	2.969	6.300	103.900
3.761	3.400	3.578	3.627	3.632	4.572	5.185	3.500	6.610	105.800
3.768	3.400	3.586	3.632	3.638	5.115	5.436	3.754	6.790	106.500
3.765	3.400	3.592	3.640	3.640	5.376	5.948	3.744	7.410	108.700
3.761	3.400	3.595	3.640	3.643	5.361	5.670	3.734	8.670	110.400
3.771	3.500	3.600	3.645	3.645	5.331	5.639	3.453	8.900	111.300
3.776	3.500	3.605	3.651	3.651	5.301	5.609	3.974	8.610	111.400
3.778	3.500	3.608	3.656	3.658	5.286	5.853	4.480	9.190	113.100
3.778	3.700	3.614	3.661	3.661	5.542	5.822	4.738	9.150	114.100
3.778	3.700	3.619	3.666	3.666	5.511	5.791	4.981	9.000	113.700
3.769	3.500	3.624	3.669	3.664	5.763	5.506	4.725	8.850	113.900
3.766	3.500	3.630	3.674	3.666	5.731	5.746	4.445	8.970	114.900
3.747	3.900	3.635	3.679	3.666	5.980	5.984	3.912	8.980	115.900
3.747	4.200	3.640	3.684	3.666	6.227	5.686	3.381	8.980	116.400
3.745	4.400	3.645	3.691	3.669	5.916	5.907	3.109	7.760	116.200
3.743	4.600	3.651	3.699	3.669	5.884	5.862	2.846	8.100	116.400
3.742	4.800	3.653	3.701	3.669	5.868	6.109	2.584	7.940	113.900
3.738	4.900	3.658	3.709	3.679	5.837	6.323	3.338	7.600	113.600
3.741	5.000	3.661	3.711	3.679	5.550	6.047	2.817	7.210	112.900
3.739	5.100	3.664	3.716	3.684	5.535	6.017	2.545	6.610	112.600
3.732	5.400	3.669	3.721	3.684	5.506	5.987	2.287	6.290	111.000
3.712	5.500	3.674	3.726	3.686	5.477	5.957	2.025	6.200	111.200
3.706	5.900	3.679	3.733	3.691	5.449	6.422	2.781	5.600	108.700
3.729	6.100	3.684	3.738	3.694	5.421	6.390	2.774	4.900	106.200
3.736	5.900	3.686	3.740	3.696	5.143	6.122	3.023	4.140	108.100
3.734	5.900	3.686	3.742	3.701	4.616	5.855	3.518	3.720	110.000
3.733	6.000	3.689	3.742	3.704	4.343	5.104	3.509	3.710	109.500
3.739	5.900	3.691	3.747	3.699	4.072	4.832	3.015	4.150	108.600
3.744	5.900	3.696	3.752	3.706	4.310	5.055	3.755	4.630	108.400
3.748	5.900	3.701	3.757	3.706	4.288	4.786	2.740	4.910	108.700
3.745	6.000	3.704	3.759	3.706	4.277	4.774	2.740	5.310	108.300
3.739	6.100	3.706	3.761	3.709	4.267	4.519	2.482	5.560	108.100
3.756	6.000	3.709	3.761	3.716	4.001	4.034	3.214	5.550	106.800
3.763	5.800	3.711	3.764	3.714	3.736	3.783	2.720	5.200	106.500
3.767	6.000	3.714	3.766	3.721	3.474	3.294	2.949	4.910	105.700
3.779	6.000	3.716	3.768	3.721	3.214	3.048	2.700	4.140	107.300
3.802	5.800	3.718	3.773	3.721	3.206	3.271	2.451	3.500	111.500
3.812	5.700	3.723	3.775	3.726	3.690	3.264	2.439	3.290	112.700
3.819	5.800	3.723	3.775	3.731	3.440	3.264	2.673	3.830	114.900
3.829	5.700	3.726	3.780	3.733	3.432	3.249	3.407	4.170	115.700
3.829	5.700	3.728	3.782	3.738	3.175	3.006	3.144	4.270	119.500
3.832	5.700	3.731	3.784	3.742	2.920	2.765	3.619	4.460	118.800
3.832	5.600	3.733	3.786	3.738	2.913	2.759	3.144	4.550	119.700
3.845	5.600	3.735	3.791	3.745	2.906	2.978	3.611	4.800	122.000
3.852	5.500	3.740	3.791	3.754	3.137	2.978	3.819	4.870	123.000
3.865	5.600	3.742	3.793	3.761	3.129	2.972	4.763	5.040	125.200
3.877	5.300	3.747	3.793	3.773	3.358	2.740	5.190	5.060	127.900
3.888	5.200	3.750	3.798	3.793	3.350	2.958	7.238	5.330	131.600
3.895	4.900	3.754	3.798	3.800	3.576	2.497	7.911	5.940	136.100
3.910	5.000	3.761	3.802	3.807	3.792	2.715	8.097	6.580	146.100
3.910	4.900	3.770	3.807	3.818	4.718	3.161	8.721	7.090	148.800
3.908	5.000	3.777	3.809	3.816	5.165	2.925	8.262	7.120	153.800
3.915	4.900	3.782	3.813	3.850	5.381	3.139	11.248	7.840	166.300
3.916	4.900	3.789	3.816	3.848	5.822	3.132	10.560	8.490	171.900
3.920	4.800	3.789	3.818	3.846	5.583	3.125	10.821	10.400	195.100
3.918	4.800	3.807	3.822	3.854	7.138	3.111	10.961	10.500	202.000
3.927	4.800	3.811	3.829	3.863	7.105	3.766	10.863	10.780	195.000
3.934	4.600	3.820	3.835	3.888	7.749	4.190	12.653	10.010	187.500
3.939	4.800	3.826	3.839	3.906	7.932	4.621	13.324	10.030	192.100
3.937	4.900	3.835	3.844	3.916	8.564	4.601	12.278	9.950	206.000
3.930	5.100	3.846	3.848	3.926	9.168	5.028	12.595	9.650	217.500
3.926	5.200	3.857	3.854	3.938	9.531	5.219	13.103	8.970	239.300
3.927	5.100	3.867	3.863	3.938	9.657	5.617	11.998	9.350	233.000
3.924	5.100	3.873	3.869	3.965	9.593	6.023	14.910	10.510	229.400
3.931	5.100	3.884	3.882	3.983	10.171	6.826	13.327	11.310	216.900
3.930	5.400	3.892	3.892	3.995	10.310	7.631	14.651	11.930	226.900
3.930	5.500	3.898	3.902	4.013	10.920	8.426	16.689	12.920	249.900
3.921	5.500	3.910	3.916	4.032	10.336	9.392	17.808	12.010	236.300
3.922	5.900	3.924	3.926	4.032	11.285	9.728	16.964	11.340	229.600
3.918	6.000	3.932	3.936	4.038	11.192	10.060	15.004	10.060	228.600
3.885	6.600	3.942	3.944	4.036	11.512	10.407	13.000	9.450	223.300
3.849	7.200	3.949	3.951	4.036	11.418	10.750	11.999	8.530	207.900
3.836	8.100	3.957	3.957	4.045	11.111	10.898	11.888	7.130	203.000
3.812	8.100	3.963	3.967	4.050	10.621	11.212	11.235	6.240	199.000
3.801	8.600	3.967	3.970	4.059	9.949	10.746	12.103	5.540	200.800
3.802	8.800	3.970	3.976	4.067	9.701	10.682	10.270	5.490	198.900
3.800	9.000	3.972	3.980	4.076	8.855	9.812	9.243	5.220	192.500
3.807	8.800	3.980	3.985	4.083	8.786	9.345	8.809	5.550	189.900
3.817	8.600	3.989	3.989	4.091	9.106	8.701	7.823	6.100	201.300
3.826	8.400	3.993	3.993	4.094	8.266	7.667	6.188	6.140	208.400
3.839	8.400	4.000	3.998	4.096	7.608	7.227	6.354	6.240	205.800
3.843	8.400	4.006	4.004	4.094	7.369	6.795	5.657	5.820	197.300
3.846	8.300	4.013	4.011	4.093	7.119	6.744	5.667	5.220	190.800
3.858	8.200	4.018	4.016	4.094	6.886	6.514	5.834	5.200	188.300
3.873	7.900	4.022	4.024	4.099	6.478	6.657	5.453	4.870	188.700
3.882	7.700	4.024	4.029	4.101	6.085	6.241	5.094	4.770	193.700
3.883	7.600	4.025	4.034	4.103	5.884	6.395	4.393	4.840	197.300
3.889	7.700	4.027	4.038	4.106	5.684	6.184	3.863	4.820	203.200
3.894	7.400	4.032	4.043	4.109	6.029	6.337	3.339	5.290	202.600
3.893	7.600	4.038	4.047	4.113	5.809	6.128	2.990	5.480	210.900
3.899	7.800	4.043	4.054	4.117	5.407	6.454	2.640	5.310	212.800
3.906	7.800	4.048	4.059	4.126	5.562	6.604	3.118	5.290	204.900
3.908	7.600	4.054	4.064	4.134	5.349	6.568	3.756	5.250	199.800
3.909	7.700	4.059	4.069	4.135	5.320	6.534	4.082	5.020	194.300
3.924	7.800	4.062	4.072	4.146	4.939	6.148	5.363	4.950	197.300
3.934	7.800	4.067	4.076	4.154	4.913	5.946	5.984	4.650	201.900
3.929	7.500	4.072	4.083	4.159	5.067	5.904	5.955	4.610	211.600
3.944	7.600	4.083	4.089	4.165	5.904	6.042	6.412	4.680	212.500
3.956	7.400	4.088	4.094	4.168	6.230	6.010	6.557	4.690	219.200
3.965	7.200	4.094	4.099	4.171	6.721	6.156	6.536	4.730	220.900
3.973	7.000	4.098	4.104	4.177	6.520	6.124	6.823	5.350	215.500
3.980	7.200	4.103	4.111	4.182	6.487	6.432	6.954	5.390	206.700
3.982	6.900	4.108	4.114	4.188	6.454	6.062	7.073	5.420	203.500
3.983	7.000	4.113	4.119	4.196	6.421	6.032	7.018	5.900	200.900
3.988	6.800	4.116	4.124	4.200	6.226	6.002	6.664	6.140	201.900
3.990	6.800	4.121	4.127	4.205	6.194	5.811	6.953	6.470	201.900
3.991	6.800	4.127	4.132	4.212	6.497	5.952	6.582	6.510	209.400
3.992	6.400	4.132	4.138	4.217	6.465	6.252	6.238	6.560	213.200
3.979	6.400	4.138	4.145	4.228	6.592	6.211	6.941	6.700	219.100
3.983	6.300	4.143	4.149	4.236	6.053	6.013	7.044	6.780	220.100
