% MPshockdata2.m

% This file loads data to be used in empirical analysis of MP shocks from
% VARs vs R&R approach.  This loads: log(IP), UE, log(CPI), log(CPI less housing),
% log (PPI finished goods), annual CPI inflation (100*log(CPI/CPI(-12)),
% annual CPI less housing inflation, annual PPI inflation, Effective FFR, and CRB
% Commodity price index.

% data is from 1965:1 until 1996:12 monthly.

Z=[3.522	4.900	3.443	3.497	3.526	1.093	0.913	1.482	3.900	104.900	0.000
3.528	5.100	3.443	3.500	3.529	1.190	1.216	1.775	3.980	104.000	0.000
3.541	4.700	3.444	3.500	3.532	1.189	1.216	2.068	4.040	106.200	0.000
3.545	4.800	3.446	3.500	3.529	1.380	1.216	1.775	4.090	108.000	0.000
3.553	4.600	3.449	3.506	3.532	1.601	1.818	1.770	4.100	106.800	0.000
3.561	4.600	3.453	3.509	3.535	1.916	1.813	2.062	4.040	106.400	0.000
3.570	4.400	3.453	3.509	3.538	1.789	1.813	2.353	4.090	105.500	0.000
3.575	4.400	3.452	3.506	3.541	1.597	1.513	2.643	4.120	106.800	0.000
3.577	4.300	3.454	3.509	3.547	1.723	1.508	3.221	4.010	107.700	0.000
3.587	4.200	3.455	3.512	3.547	1.689	1.807	3.221	4.080	108.100	0.000
3.591	4.100	3.458	3.512	3.555	1.715	1.807	3.785	4.100	108.800	0.000
3.604	4.000	3.461	3.517	3.555	1.902	2.099	3.785	4.320	112.000	0.000
3.613	4.000	3.462	3.517	3.558	1.900	2.099	3.184	4.420	114.700	0.000
3.620	3.800	3.468	3.523	3.558	2.525	2.388	2.890	4.600	116.900	0.000
3.633	3.800	3.471	3.526	3.552	2.741	2.683	2.026	4.650	115.000	0.000
3.635	3.800	3.474	3.532	3.558	2.828	3.269	2.890	4.670	114.200	0.000
3.644	3.900	3.477	3.532	3.567	2.726	2.667	3.449	4.900	113.800	0.000
3.649	3.800	3.478	3.532	3.572	2.407	2.367	3.720	5.170	113.800	0.000
3.655	3.800	3.480	3.535	3.570	2.718	2.659	3.148	5.300	115.600	0.000
3.655	3.800	3.486	3.541	3.570	3.427	3.540	2.857	5.530	111.200	0.000
3.665	3.700	3.489	3.544	3.567	3.511	3.530	1.997	5.400	108.400	0.000
3.672	3.700	3.492	3.547	3.567	3.721	3.519	1.997	5.530	105.000	0.000
3.665	3.600	3.493	3.547	3.564	3.497	3.519	0.853	5.760	104.700	0.000
3.667	3.800	3.494	3.547	3.564	3.304	2.924	0.853	5.400	105.000	0.000
3.672	3.900	3.493	3.550	3.564	3.149	3.212	0.568	4.940	104.600	0.000
3.660	3.800	3.497	3.550	3.567	2.827	2.620	0.851	5.000	103.500	0.000
3.655	3.800	3.497	3.552	3.575	2.516	2.613	2.266	4.530	100.800	0.000
3.664	3.800	3.500	3.552	3.575	2.509	2.026	1.695	4.050	100.100	0.000
3.655	3.800	3.500	3.552	3.578	2.292	2.026	1.124	3.940	101.800	0.000
3.655	3.900	3.506	3.558	3.578	2.802	2.598	0.560	3.980	100.300	0.000
3.653	3.800	3.509	3.561	3.581	2.886	2.590	1.120	3.790	98.900	0.000
3.672	3.800	3.512	3.567	3.581	2.570	2.575	1.120	3.900	98.300	0.000
3.670	3.800	3.515	3.570	3.584	2.562	2.568	1.681	3.990	97.900	0.000
3.678	4.000	3.517	3.572	3.586	2.555	2.561	1.958	3.880	96.700	0.000
3.693	3.900	3.523	3.575	3.589	3.055	2.841	2.518	4.130	97.600	0.000
3.703	3.800	3.526	3.578	3.592	3.228	3.121	2.793	4.510	98.300	0.000
3.702	3.700	3.529	3.584	3.597	3.582	3.390	3.343	4.600	98.700	0.000
3.706	3.800	3.532	3.586	3.597	3.572	3.668	3.060	4.710	98.400	0.000
3.709	3.700	3.535	3.589	3.600	3.864	3.657	2.490	5.050	98.700	0.000
3.710	3.500	3.538	3.592	3.603	3.852	3.933	2.763	5.760	96.900	0.000
3.721	3.500	3.541	3.595	3.605	4.143	4.208	2.755	6.110	96.800	0.000
3.725	3.700	3.547	3.600	3.611	4.118	4.185	3.297	6.070	96.300	0.000
3.724	3.700	3.552	3.603	3.611	4.393	4.173	3.018	6.020	95.200	0.000
3.726	3.500	3.555	3.605	3.614	4.380	3.879	3.288	6.030	96.000	0.000
3.730	3.400	3.558	3.608	3.614	4.368	3.868	3.010	5.780	97.000	0.000
3.732	3.400	3.564	3.614	3.616	4.639	4.127	3.002	5.910	98.800	0.000
3.745	3.400	3.567	3.619	3.616	4.330	4.384	2.725	5.820	99.600	0.000
3.748	3.400	3.572	3.619	3.622	4.599	4.105	2.985	6.020	100.800	0.000
3.754	3.400	3.575	3.622	3.627	4.585	3.815	2.969	6.300	103.900	0.000
3.761	3.400	3.578	3.627	3.632	4.572	4.071	3.500	6.610	105.800	0.000
3.768	3.400	3.586	3.632	3.638	5.115	4.325	3.754	6.790	106.500	-0.245
3.765	3.400	3.592	3.638	3.640	5.376	4.577	3.744	7.410	108.700	0.405
3.761	3.400	3.595	3.640	3.643	5.361	4.565	3.734	8.670	110.400	0.204
3.771	3.500	3.600	3.645	3.645	5.331	4.540	3.453	8.900	111.300	-0.020
3.776	3.500	3.605	3.651	3.651	5.301	4.788	3.974	8.610	111.400	0.181
3.778	3.500	3.608	3.653	3.658	5.286	4.775	4.480	9.190	113.100	0.309
3.778	3.700	3.614	3.658	3.661	5.542	5.021	4.738	9.150	114.100	0.029
3.778	3.700	3.619	3.661	3.666	5.511	4.738	4.981	9.000	113.700	0.088
3.769	3.500	3.624	3.666	3.664	5.763	4.713	4.725	8.850	113.900	-0.005
3.766	3.500	3.630	3.674	3.666	5.731	5.477	4.445	8.970	114.900	0.065
3.747	3.900	3.635	3.676	3.666	5.980	5.463	3.912	8.980	115.900	-0.160
3.747	4.200	3.640	3.681	3.666	6.227	5.435	3.381	8.980	116.400	-0.360
3.745	4.400	3.645	3.684	3.669	5.916	5.156	3.109	7.760	116.200	-0.140
3.743	4.600	3.651	3.689	3.669	5.884	5.129	2.846	8.100	116.400	-0.145
3.742	4.800	3.653	3.691	3.669	5.868	5.116	2.584	7.940	113.900	0.300
3.738	4.900	3.658	3.694	3.679	5.837	4.842	3.338	7.600	113.600	-0.180
3.741	5.000	3.661	3.699	3.679	5.550	4.817	2.817	7.210	112.900	-0.243
3.739	5.100	3.664	3.699	3.684	5.535	4.558	2.545	6.610	112.600	-0.483
3.732	5.400	3.669	3.704	3.684	5.506	4.535	2.287	6.290	111.000	-0.272
3.712	5.500	3.674	3.709	3.686	5.477	4.769	2.025	6.200	111.200	-0.009
3.706	5.900	3.679	3.714	3.691	5.449	4.745	2.781	5.600	108.700	-0.346
3.729	6.100	3.684	3.718	3.694	5.421	4.467	2.774	4.900	106.200	-0.229
3.736	5.900	3.686	3.721	3.696	5.143	4.456	3.023	4.140	108.100	-0.682
3.734	5.900	3.686	3.723	3.701	4.616	4.193	3.518	3.720	110.000	-0.025
3.733	6.000	3.689	3.728	3.704	4.343	4.423	3.509	3.710	109.500	-0.065
3.739	5.900	3.691	3.731	3.699	4.072	4.162	3.015	4.150	108.600	0.461
3.744	5.900	3.696	3.735	3.706	4.310	4.391	3.755	4.630	108.400	0.003
3.748	5.900	3.701	3.740	3.706	4.288	4.618	2.740	4.910	108.700	0.343
3.745	6.000	3.704	3.742	3.706	4.277	4.359	2.740	5.310	108.300	-0.117
3.739	6.100	3.706	3.745	3.709	4.267	4.596	2.482	5.560	108.100	0.000
3.756	6.000	3.709	3.745	3.716	4.001	4.102	3.214	5.550	106.800	0.000
3.763	5.800	3.711	3.747	3.714	3.736	3.847	2.720	5.200	106.500	-0.322
3.767	6.000	3.714	3.747	3.721	3.474	3.358	2.949	4.910	105.700	-0.342
3.779	6.000	3.716	3.752	3.721	3.214	3.342	2.700	4.140	107.300	-0.920
3.802	5.800	3.718	3.754	3.721	3.206	3.334	2.451	3.500	111.500	-0.234
3.812	5.700	3.723	3.759	3.726	3.690	3.559	2.439	3.290	112.700	-0.086
3.819	5.800	3.723	3.759	3.731	3.440	3.077	2.673	3.830	114.900	0.252
3.829	5.700	3.726	3.761	3.733	3.432	3.070	3.407	4.170	115.700	-0.104
3.829	5.700	3.728	3.764	3.738	3.175	2.824	3.144	4.270	119.500	-0.115
3.832	5.700	3.731	3.764	3.742	2.920	2.348	3.619	4.460	118.800	-0.050
3.832	5.600	3.733	3.768	3.738	2.913	2.573	3.144	4.550	119.700	0.000
3.845	5.600	3.735	3.768	3.745	2.906	2.337	3.611	4.800	122.000	0.000
3.852	5.500	3.740	3.775	3.754	3.137	3.027	3.819	4.870	123.000	0.000
3.865	5.600	3.742	3.777	3.761	3.129	3.020	4.763	5.040	125.200	0.000
3.877	5.300	3.747	3.782	3.773	3.358	3.477	5.190	5.060	127.900	0.036
3.888	5.200	3.750	3.784	3.793	3.350	3.234	7.238	5.330	131.600	-0.027
3.895	4.900	3.754	3.791	3.800	3.576	3.679	7.911	5.940	136.100	0.279
3.910	5.000	3.761	3.798	3.807	3.792	3.886	8.097	6.580	146.100	0.225
3.910	4.900	3.770	3.807	3.818	4.718	4.779	8.721	7.090	148.800	0.064
3.908	5.000	3.777	3.816	3.816	5.165	5.431	8.262	7.120	153.800	-0.063
3.915	4.900	3.782	3.822	3.850	5.381	5.858	11.248	7.840	166.300	0.317
3.916	4.900	3.789	3.829	3.848	5.822	6.512	10.560	8.490	171.900	0.409
3.920	4.800	3.789	3.829	3.846	5.583	6.049	10.821	10.400	195.100	0.115
3.918	4.800	3.807	3.848	3.854	7.138	7.987	10.961	10.500	202.000	0.318
3.927	4.800	3.811	3.850	3.863	7.105	7.509	10.863	10.780	195.000	-0.571
3.934	4.600	3.820	3.857	3.888	7.749	7.916	12.653	10.010	187.500	-0.848
3.939	4.800	3.826	3.865	3.906	7.932	8.302	13.324	10.030	192.100	-0.095
3.937	4.900	3.835	3.873	3.916	8.564	8.909	12.278	9.950	206.000	-0.165
3.930	5.100	3.846	3.886	3.926	9.168	9.469	12.595	9.650	217.500	-0.206
3.926	5.200	3.857	3.898	3.938	9.531	10.019	13.103	8.970	239.300	0.201
3.927	5.100	3.867	3.910	3.938	9.657	10.336	11.998	9.350	233.000	0.733
