% RRcumul.m

% this file loads cumulative RRshocks, 1965:1-1996:12.  Note that all
% values prior to 1969:3 are zero.

shRR=[0.000
0.000
0.000
0.000
0.000
0.000
0.000
0.000
0.000
0.000
0.000
0.000
0.000
0.000
0.000
0.000
0.000
0.000
0.000
0.000
0.000
0.000
0.000
0.000
0.000
0.000
0.000
0.000
0.000
0.000
0.000
0.000
0.000
0.000
0.000
0.000
0.000
0.000
0.000
0.000
0.000
0.000
0.000
0.000
0.000
0.000
0.000
0.000
0.000
0.000
-0.245
0.160
0.363
0.343
0.524
0.833
0.862
0.950
0.945
1.010
0.849
0.489
0.350
0.205
0.505
0.326
0.083
-0.399
-0.672
-0.681
-1.027
-1.256
-1.937
-1.962
-2.028
-1.567
-1.564
-1.221
-1.338
-1.338
-1.338
-1.660
-2.002
-2.922
-3.156
-3.241
-2.990
-3.094
-3.209
-3.259
-3.259
-3.259
-3.259
-3.259
-3.223
-3.250
-2.970
-2.745
-2.680
-2.743
-2.426
-2.017
-1.902
-1.584
-2.155
-3.003
-3.098
-3.263
-3.469
-3.268
-2.535
-2.148
-1.757
-1.477
-1.568
-1.590
-2.020
-2.303
-1.967
-2.196
-2.549
-2.306
-2.805
-3.442
-3.307
-3.136
-3.066
-3.203
-3.316
-3.516
-3.798
-3.517
-3.608
-4.077
-4.316
-4.177
-4.475
-4.512
-4.651
-4.695
-4.676
-4.718
-4.688
-4.818
-4.915
-5.000
-5.228
-5.277
-5.327
-5.473
-5.713
-5.682
-5.609
-5.635
-5.683
-5.805
-6.010
-5.904
-5.862
-5.931
-6.147
-5.904
-6.046
-6.110
-6.265
-6.132
-5.964
-6.006
-6.006
-6.158
-6.025
-6.089
-5.984
-5.984
-5.223
-4.902
-5.126
-5.126
-5.081
-5.081
-5.092
-4.895
-3.473
-6.694
-7.457
-7.457
-7.054
-7.252
-6.482
-5.263
-3.392
-4.026
-4.026
-4.810
-4.502
-4.502
-2.987
-2.987
-3.598
-3.639
-3.639
-4.213
-4.569
-4.469
-4.469
-3.448
-3.883
-3.883
-3.938
-3.938
-4.135
-4.346
-4.346
-4.588
-4.464
-3.813
-3.813
-3.628
-3.483
-3.483
-3.502
-3.502
-3.510
-3.744
-3.744
-3.463
-3.635
-3.418
-3.161
-3.161
-3.262
-3.262
-3.089
-3.089
-2.762
-2.823
-2.823
-2.788
-3.333
-3.477
-3.477
-3.635
-3.434
-3.434
-3.537
-3.537
-3.477
-3.291
-3.291
-3.187
-3.166
-3.235
-3.235
-3.345
-3.345
-3.139
-3.063
-3.063
-3.231
-3.465
-3.463
-3.463
-3.442
-3.524
-3.524
-3.348
-3.157
-3.157
-2.919
-2.919
-2.959
-2.981
-3.127
-3.127
-3.212
-3.393
-3.393
-3.617
-3.599
-3.599
-3.411
-3.103
-3.103
-3.285
-3.352
-3.352
-3.361
-2.915
-2.915
-2.618
-2.557
-2.557
-2.404
-2.404
-2.329
-2.468
-2.468
-2.555
-2.447
-2.513
-2.513
-2.200
-2.294
-2.294
-2.250
-2.250
-2.316
-2.166
-2.166
-2.286
-2.303
-2.462
-2.462
-2.713
-2.486
-2.486
-2.224
-2.224
-2.300
-2.160
-2.160
-2.195
-2.315
-2.203
-2.203
-2.207
-2.333
-2.333
-2.185
-2.185
-2.273
-2.275
-2.275
-2.451
-2.480
-2.716
-2.716
-2.622
-2.685
-2.685
-2.350
-2.350
-2.341
-2.297
-2.138
-2.138
-2.225
-2.388
-2.388
-2.164
-1.851
-1.851
-1.564
-1.564
-1.493
-1.076
-1.036
-1.036
-0.486
-0.735
-0.735
-0.234
0.007
0.007
0.217
0.217
0.211
0.120
0.145
0.145
0.197
0.026
0.100
0.100
0.156
0.156
0.129
0.129
0.089
0.024
-0.018
-0.018
0.029
0.000
];