% RRshock.m

% This file loads MP shock measure from Romer and Romer (2004), uRR, from
% 1969:1-1996:12

uRR=[0.000
0.000
-0.245
0.405
0.204
-0.020
0.181
0.309
0.029
0.088
-0.005
0.065
-0.160
-0.360
-0.140
-0.145
0.300
-0.180
-0.243
-0.483
-0.272
-0.009
-0.346
-0.229
-0.682
-0.025
-0.065
0.461
0.003
0.343
-0.117
0.000
0.000
-0.322
-0.342
-0.920
-0.234
-0.086
0.252
-0.104
-0.115
-0.050
0.000
0.000
0.000
0.000
0.036
-0.027
0.279
0.225
0.064
-0.063
0.317
0.409
0.115
0.318
-0.571
-0.848
-0.095
-0.165
-0.206
0.201
0.733
0.387
0.392
0.280
-0.091
-0.022
-0.430
-0.284
0.336
-0.229
-0.354
0.243
-0.499
-0.637
0.136
0.170
0.070
-0.136
-0.114
-0.200
-0.281
0.280
-0.091
-0.469
-0.239
0.139
-0.298
-0.038
-0.139
-0.044
0.019
-0.041
0.030
-0.131
-0.097
-0.085
-0.228
-0.049
-0.051
-0.146
-0.240
0.030
0.073
-0.026
-0.048
-0.122
-0.205
0.106
0.042
-0.069
-0.216
0.243
-0.142
-0.064
-0.156
0.133
0.168
-0.042
0.000
-0.152
0.133
-0.064
0.105
0.000
0.761
0.322
-0.224
0.000
0.045
0.000
-0.011
0.197
1.422
-3.221
-0.764
0.000
0.403
-0.198
0.771
1.218
1.871
-0.634
0.000
-0.783
0.307
0.000
1.515
0.000
-0.611
-0.041
0.000
-0.574
-0.356
0.100
0.000
1.021
-0.435
0.000
-0.056
0.000
-0.196
-0.211
0.000
-0.242
0.125
0.651
0.000
0.185
0.145
0.000
-0.019
0.000
-0.008
-0.234
0.000
0.282
-0.172
0.217
0.257
0.000
-0.101
0.000
0.173
0.000
0.327
-0.061
0.000
0.035
-0.546
-0.144
0.000
-0.158
0.201
0.000
-0.104
0.000
0.060
0.186
0.000
0.104
0.021
-0.069
0.000
-0.110
0.000
0.207
0.076
0.000
-0.168
-0.234
0.001
0.000
0.021
-0.082
0.000
0.176
0.191
0.000
0.238
0.000
-0.041
-0.021
-0.147
0.000
-0.085
-0.180
0.000
-0.224
0.018
0.000
0.188
0.308
0.000
-0.182
-0.067
0.000
-0.009
0.446
0.000
0.297
0.061
0.000
0.153
0.000
0.075
-0.139
0.000
-0.087
0.108
-0.067
0.000
0.313
-0.094
0.000
0.044
0.000
-0.066
0.150
0.000
-0.119
-0.018
-0.159
0.000
-0.251
0.227
0.000
0.262
0.000
-0.077
0.140
0.000
-0.035
-0.121
0.113
0.000
-0.004
-0.126
0.000
0.148
0.000
-0.088
-0.003
0.000
-0.175
-0.029
-0.237
0.000
0.094
-0.063
0.000
0.335
0.000
0.009
0.044
0.159
0.000
-0.087
-0.163
0.000
0.224
0.313
0.000
0.287
0.000
0.070
0.417
0.041
0.000
0.549
-0.248
0.000
0.501
0.241
0.000
0.209
0.000
-0.006
-0.091
0.025
0.000
0.052
-0.171
0.073
0.000
0.056
0.000
-0.027
0.000
-0.040
-0.065
-0.042
0.000
0.048
-0.029
];
